12
1
21600

0 0
1 17
2 28
3 18
4 41
5 26
6 33
7 38
8 18
9 15
10 16
11 15

0 474.57766322768805 511.562402097674 562.7323545979287 379.99635946345524 439.33313618659736 424.5199505736802 306.7664483236999 411.32295042359044 474.44361727173043 462.2533542247564 397.9083712283008
474.57766322768805 0 75.63892559977279 147.43471548066108 214.31487269253824 270.81956875518534 720.4263165608586 612.4715886730921 145.75519138521702 479.8413034410075 936.8241286065712 734.6006386548205
511.562402097674 75.63892559977279 0 72.2761099921573 288.4764059609406 346.44726491490223 712.4333552231283 611.7555984206966 220.8336334575128 555.2290733060802 971.8784418898689 732.9628587523125
562.7323545979287 147.43471548066108 72.2761099921573 0 360.7501718979444 417.79332035583747 723.8035856022113 631.0446760135193 293.0036883503817 627.2715485547456 1018.7660687065598 750.0612676475347
379.99635946345524 214.31487269253824 288.4764059609406 360.7501718979444 0 82.4011640842766 736.730503884543 616.0587769584893 70.00270748403794 269.41860778271763 819.8547966665307 732.364731387122
439.33313618659736 270.81956875518534 346.44726491490223 417.79332035583747 82.4011640842766 0 813.231641941903 691.7599354563567 129.51223078544692 212.55984665704696 860.7372117678408 806.1014867215048
424.5199505736802 720.4263165608586 712.4333552231283 723.8035856022113 736.730503884543 813.231641941903 0 122.43261312579345 736.1877480856016 893.305121996226 534.9424516911337 63.46747214407115
306.7664483236999 612.4715886730921 611.7555984206966 631.0446760135193 616.0587769584893 691.7599354563567 122.43261312579345 0 618.3116940784205 771.8246778243953 505.54676364998465 122.13574972389058
411.32295042359044 145.75519138521702 220.8336334575128 293.0036883503817 70.00270748403794 129.51223078544692 736.1877480856016 618.3116940784205 0 334.4930884890706 863.4071732621035 737.8551509645508
474.44361727173043 479.8413034410075 555.2290733060802 627.2715485547456 269.41860778271763 212.55984665704696 893.305121996226 771.8246778243953 334.4930884890706 0 806.34435950414 871.578425538262
462.2533542247564 936.8241286065712 971.8784418898689 1018.7660687065598 819.8547966665307 860.7372117678408 534.9424516911337 505.54676364998465 863.4071732621035 806.34435950414 0 471.75570375390566
397.9083712283008 734.6006386548205 732.9628587523125 750.0612676475347 732.364731387122 806.1014867215048 63.46747214407115 122.13574972389058 737.8551509645508 871.578425538262 471.75570375390566 0
